wrote SPX_all.csv
        contractSymbol             lastTradeDate  ...  option_type  expiration
0  SPXW260202C02800000 2026-01-30 16:45:44+00:00  ...         call  2026-02-02
1  SPXW260202C03000000 2026-01-30 20:15:00+00:00  ...         call  2026-02-02
2  SPXW260202C04600000 2026-01-30 19:51:37+00:00  ...         call  2026-02-02
3  SPXW260202C04800000 2026-01-30 15:13:32+00:00  ...         call  2026-02-02
4  SPXW260202C05000000 2026-01-30 15:18:03+00:00  ...         call  2026-02-02

[5 rows x 16 columns]
summary for SPX
    expiration  num_strikes  min_strike  max_strike  total_volume  total_open_interest  call_strikes_with_bid_ask_pos  put_strikes_with_bid_ask_pos
0   2026-02-02          213        2800        9000        429253               177060                            107                           146
1   2026-02-03          207        2800        9000         86475               100635                             99                           149
2   2026-02-04          207        3400        9000         52752               118071                             96                           149
3   2026-02-05          204        2800        9000         31177                78885                            107                           154
4   2026-02-06          266        2400        9000        225363               353371                            166                           220
5   2026-02-09          187        2800        9000         17038                58827                            106                           141
6   2026-02-10          182        3200        8400         17702                35738                            100                           143
7   2026-02-11          174        3000        8800          8007                43229                            100                           134
8   2026-02-12          171        2800        8600         11234                30173                             94                           133
9   2026-02-13          236        2200        9000         70698               255732                            165                           191
10  2026-02-17          157        2800        9000          5598                30512                             79                           123
11  2026-02-18          144        2800        8400          6818                22522                             79                           115
12  2026-02-19          141        2800        9000          6346                16752                             75                           108
13  2026-02-20          483         200       12400         67719              1014931                            392                           406
14  2026-02-23          125        2800        8200          2848                19529                             65                            95
15  2026-02-24          119        2800        8000          2211                 6176                             59                            90
16  2026-02-25          115        2800        7800          2418                 9822                             56                            91
17  2026-02-26          103        2800        8000          2918                13599                             58                            85
18  2026-02-27          442        2200        8800         49624               445003                            322                           392
19  2026-03-02          103        2800        9000          5118                10118                             62                            84
20  2026-03-03           78        3800        7600           880                 1491                             37                            62
21  2026-03-04           74        3600        7500           651                 1122                             38                            55
22  2026-03-05           67        2800        7500           464                  715                             31                            52
23  2026-03-06          195        2800        9000         10652               146290                            122                           166
24  2026-03-09           62        3000        8200           730                 3083                             29                            48
25  2026-03-10           17        5000        7300           276                    0                              7                            10
26  2026-03-13          159        2800        9000         13249               139736                             94                           136
27  2026-03-16           56        3400        7800          1407                  867                             30                            43
28  2026-03-20          448         200       12400         69771              1943226                            376                           410
29  2026-03-27          137        2800        8600          1912                13692                             72                           119
30  2026-03-31          520        2200        8500         19605               516288                            401                           446
31  2026-04-17          418         200       12400         32050               575162                            325                           379
32  2026-04-30          367        2800        8800         11350                81754                            225                           293
33  2026-05-15          389         200       12000         26312               367419                            265                           344
34  2026-05-29          160        2800        8800          4049                51025                            114                           141
35  2026-06-18          324         200       12400         30972               962353                            250                           306
36  2026-06-30          292        2600        8500          7361               114651                            211                           272
37  2026-07-17          301         200       11200         15428               416452                            199                           262
38  2026-08-21          199         200       10800          8332               331493                            132                           174
39  2026-09-18          206         200        9800         25672               812125                            144                           190
40  2026-09-30          296        2800        8600          7468                55596                            218                           292
41  2026-10-16          193         200       11400          4968               169289                            127                           170
42  2026-11-20          174         400        9400          8335               141005                            110                           160
43  2026-12-18          211         200       12000         42642              2038603                            194                           204
44  2026-12-31          363        2800        8800         18404                45236                            240                           253
45  2027-01-15          197         200       11400          6238               244048                            132                           184
46  2027-02-19          147         200       12000          1310                 3447                             64                           111
47  2027-03-19          183         200       11800         20595               137463                             88                           150
48  2027-06-17          209         200       11400          6007               293855                            146                           187
49  2027-12-17          134         400       12000          4952               610848                            124                           124
50  2028-12-15           83         400       12000          3598               244615                             38                            72
51  2029-12-21           84         400       12000          2315               182626                             37                            74
52  2030-12-20           84         400       12000          3333                93862                             40                            76
53  2031-12-19           22        2000       12000           134                15971                              7                            17

timings:
                            cumul  diff
imported modules            1.130 1.130
fetched option data SPX     6.310 5.181
summarized option data SPX  6.559 0.248
end                         6.560 0.001
