
expiry: 2026-02-06  forward: 6940.52  df: 0.9987
 strike  c_price  c_iv  p_price  p_iv c_iv_minus_p_iv
 6250.0  690.200 32.99    0.700 33.62           -0.63
 6260.0  680.200 32.46    0.725 33.31           -0.85
 6270.0  670.850 35.08    0.750 32.98            2.09
 6275.0      NaN   NaN    0.750 32.75             NaN
 6280.0  660.850 34.55    0.750 32.53            2.02
 6290.0  650.500 32.53    0.800 32.32            0.21
 6300.0  640.700 32.89    0.800 31.86            1.03
 6310.0      NaN   NaN    0.850 31.64             NaN
 6320.0      NaN   NaN    0.850 31.18             NaN
 6325.0      NaN   NaN    0.900 31.17             NaN
 6330.0      NaN   NaN    0.900 30.94             NaN
 6340.0      NaN   NaN    0.950 30.68             NaN
 6350.0      NaN   NaN    0.975 30.31             NaN
 6360.0      NaN   NaN    1.000 29.94             NaN
 6370.0      NaN   NaN    1.050 29.66             NaN
 6375.0      NaN   NaN    1.100 29.61             NaN
 6380.0      NaN   NaN    1.100 29.37             NaN
 6390.0      NaN   NaN    1.150 29.07             NaN
 6400.0      NaN   NaN    1.200 28.76             NaN
 6410.0      NaN   NaN    1.250 28.44             NaN
 6420.0  521.200 28.32    1.325 28.19            0.13
 6425.0      NaN   NaN    1.350 28.02             NaN
 6430.0      NaN   NaN    1.375 27.85             NaN
 6440.0      NaN   NaN    1.450 27.57             NaN
 6450.0  491.700 28.03    1.525 27.28            0.76
 6460.0      NaN   NaN    1.625 27.04             NaN
 6470.0      NaN   NaN    1.725 26.78             NaN
 6475.0  466.800 26.92    1.750 26.58            0.33
 6480.0      NaN   NaN    1.800 26.45             NaN
 6490.0      NaN   NaN    1.925 26.22             NaN
 6500.0  442.050 26.09    2.025 25.91            0.18
 6505.0      NaN   NaN    2.075 25.76             NaN
 6510.0      NaN   NaN    2.150 25.65             NaN
 6515.0      NaN   NaN    2.225 25.53             NaN
 6520.0  422.250 25.39    2.300 25.41           -0.02
 6525.0  417.450 25.47    2.350 25.24            0.23
 6530.0  412.400 25.11    2.450 25.15           -0.04
 6535.0      NaN   NaN    2.525 25.02             NaN
 6540.0  402.600 24.89    2.600 24.88            0.02
 6545.0      NaN   NaN    2.700 24.77             NaN
 6550.0  392.700 24.50    2.800 24.66           -0.16
 6555.0      NaN   NaN    2.900 24.54             NaN
 6560.0  382.900 24.25    2.975 24.38           -0.13
 6565.0      NaN   NaN    3.075 24.26             NaN
 6570.0  373.500 24.53    3.175 24.13            0.40
 6575.0  368.400 24.11    3.250 23.95            0.16
 6580.0  363.350 23.76    3.450 23.95           -0.19
 6585.0      NaN   NaN    3.550 23.80             NaN
 6590.0      NaN   NaN    3.650 23.64             NaN
 6595.0      NaN   NaN    3.750 23.48             NaN
 6600.0  344.150 23.59    3.950 23.44            0.15
 6605.0  339.400 23.58    4.050 23.27            0.31
 6610.0      NaN   NaN    4.250 23.21             NaN
 6615.0      NaN   NaN    4.400 23.08             NaN
 6620.0  324.450 22.75    4.550 22.95           -0.21
 6625.0  319.850 22.87    4.750 22.87           -0.00
 6630.0  314.700 22.41    4.950 22.77           -0.36
 6635.0  310.450 22.84    5.150 22.67            0.18
 6640.0  305.400 22.49    5.300 22.51           -0.02
 6645.0      NaN   NaN    5.550 22.44             NaN
 6650.0  296.050 22.46    5.750 22.31            0.14
 6655.0  291.300 22.36    6.000 22.22            0.13
 6660.0      NaN   NaN    6.250 22.13             NaN
 6665.0      NaN   NaN    6.450 21.98             NaN
 6670.0      NaN   NaN    6.750 21.90             NaN
 6675.0  272.200 21.81    7.050 21.82           -0.01
 6680.0  267.400 21.63    7.300 21.69           -0.06
 6685.0  262.700 21.53    7.600 21.59           -0.06
 6690.0  258.000 21.41    7.900 21.47           -0.06
 6695.0  253.600 21.49    8.200 21.35            0.14
 6700.0  248.950 21.39    8.550 21.26            0.13
 6705.0  244.050 21.12    8.900 21.16           -0.04
 6710.0  239.350 20.97    9.250 21.04           -0.07
 6715.0  235.100 21.09    9.650 20.95            0.14
 6720.0  230.100 20.74   10.050 20.85           -0.11
 6725.0  225.600 20.69   10.450 20.74           -0.05
 6730.0  221.000 20.56   10.850 20.62           -0.05
 6735.0  216.500 20.49   11.300 20.51           -0.03
 6740.0  211.900 20.35   11.750 20.40           -0.06
 6745.0  207.550 20.33   12.250 20.31            0.02
 6750.0  203.200 20.29   12.750 20.20            0.09
 6755.0  198.400 20.02   13.250 20.08           -0.06
 6760.0  193.900 19.89   13.850 20.00           -0.11
 6765.0  189.600 19.85   14.400 19.89           -0.04
 6770.0  185.250 19.77   14.950 19.76            0.00
 6775.0  181.050 19.74   15.550 19.65            0.09
 6780.0  176.600 19.59   16.250 19.57            0.02
 6785.0  172.350 19.52   16.850 19.44            0.08
 6790.0  167.700 19.27   17.550 19.34           -0.07
 6795.0  163.700 19.27   18.250 19.22            0.05
 6800.0  159.200 19.06   19.050 19.14           -0.07
 6805.0  155.000 18.97   19.750 19.00           -0.04
 6810.0  150.850 18.87   20.550 18.89           -0.02
 6815.0  146.600 18.73   21.350 18.77           -0.04
 6820.0  142.650 18.69   22.250 18.67            0.01
 6825.0  138.400 18.52   23.150 18.56           -0.04
 6830.0  134.450 18.45   24.050 18.44            0.01
 6835.0  130.450 18.35   25.000 18.32            0.02
 6840.0  126.000 18.08   25.950 18.19           -0.12
 6845.0  122.250 18.03   27.000 18.08           -0.05
 6850.0  118.500 17.98   28.050 17.96            0.02
 6855.0  114.750 17.90   29.100 17.82            0.08
 6860.0  110.850 17.77   30.250 17.71            0.06
 6865.0  106.950 17.62   31.400 17.57            0.04
 6870.0  103.150 17.48   32.650 17.46            0.02
 6875.0   99.450 17.37   33.900 17.33            0.04
 6880.0   95.700 17.22   35.200 17.20            0.02
 6885.0   92.050 17.09   36.500 17.06            0.03
 6890.0   88.450 16.96   37.900 16.93            0.03
 6895.0   84.850 16.81   39.300 16.78            0.03
 6900.0   81.350 16.67   40.800 16.65            0.02
 6905.0   77.850 16.52   42.300 16.50            0.02
 6910.0   74.450 16.38   43.900 16.36            0.02
 6915.0   71.050 16.23   45.550 16.22            0.00
 6920.0   67.750 16.08   47.250 16.08            0.00
 6925.0   64.550 15.95   49.000 15.93            0.01
 6930.0   61.350 15.80   50.800 15.78            0.01
 6935.0   58.250 15.65   52.700 15.64            0.01
 6940.0   55.200 15.50   54.650 15.49            0.01
 6945.0   52.200 15.35   56.650 15.34            0.01
 6950.0   49.300 15.20   58.750 15.19            0.01
 6955.0   46.450 15.04   60.850 15.03            0.02
 6960.0   43.700 14.89   63.100 14.88            0.02
 6965.0   41.000 14.74   65.450 14.74           -0.00
 6970.0   38.400 14.58   67.800 14.57            0.01
 6975.0   35.850 14.42   70.250 14.41            0.01
 6980.0   33.400 14.26   72.850 14.27           -0.01
 6985.0   31.000 14.09   75.450 14.10           -0.01
 6990.0   28.800 13.96   78.150 13.94            0.02
 6995.0   26.600 13.79   80.950 13.78            0.02
 7000.0   24.500 13.63   83.850 13.62            0.02
 7005.0   22.500 13.48   87.000 13.51           -0.03
 7010.0   20.550 13.30   90.100 13.36           -0.05
 7015.0   18.750 13.15   93.350 13.22           -0.07
 7020.0   17.050 12.99   96.500 13.02           -0.03
 7025.0   15.400 12.82  100.050 12.93           -0.10
 7030.0   13.850 12.66  103.250 12.67           -0.01
 7035.0   12.450 12.51  107.050 12.61           -0.10
 7040.0   11.050 12.32  110.450 12.34           -0.02
 7045.0    9.750 12.14  114.200 12.18           -0.05
 7050.0    8.600 11.97      NaN   NaN             NaN
 7055.0    7.550 11.82      NaN   NaN             NaN
 7060.0    6.550 11.64      NaN   NaN             NaN
 7065.0    5.650 11.46      NaN   NaN             NaN
 7070.0    4.850 11.30      NaN   NaN             NaN
 7075.0    4.100 11.11      NaN   NaN             NaN
 7080.0    3.400 10.90      NaN   NaN             NaN
 7085.0    2.950 10.83      NaN   NaN             NaN
 7090.0    2.450 10.66      NaN   NaN             NaN
 7095.0    2.050 10.54      NaN   NaN             NaN
 7100.0    1.700 10.41      NaN   NaN             NaN
 7105.0    1.400 10.29      NaN   NaN             NaN
 7110.0    1.125 10.14      NaN   NaN             NaN
 7115.0    0.900 10.00      NaN   NaN             NaN
 7120.0    0.750  9.94      NaN   NaN             NaN
 7125.0    0.625  9.89      NaN   NaN             NaN
 7130.0    0.500  9.79      NaN   NaN             NaN
 7135.0    0.400  9.70      NaN   NaN             NaN
 7140.0    0.325  9.64      NaN   NaN             NaN
 7145.0    0.275  9.64      NaN   NaN             NaN
 7150.0    0.225  9.61      NaN   NaN             NaN
 7155.0    0.200  9.67      NaN   NaN             NaN
 7160.0    0.175  9.71      NaN   NaN             NaN
 7165.0    0.150  9.73      NaN   NaN             NaN
 7170.0    0.150  9.92      NaN   NaN             NaN
 7175.0    0.125  9.91      NaN   NaN             NaN
 7180.0    0.125 10.10      NaN   NaN             NaN
 7210.0    0.100 10.95      NaN   NaN             NaN

expiry: 2026-02-13  forward: 6944.26  df: 0.9976
 strike  c_price  c_iv  p_price  p_iv c_iv_minus_p_iv
 6250.0  696.050 28.62     3.40 28.58            0.04
 6260.0      NaN   NaN     3.55 28.41             NaN
 6270.0      NaN   NaN     3.65 28.17             NaN
 6275.0  671.250 27.88     3.70 28.05           -0.16
 6280.0      NaN   NaN     3.75 27.92             NaN
 6290.0      NaN   NaN     3.85 27.67             NaN
 6300.0  646.800 27.55     4.00 27.48            0.07
 6310.0      NaN   NaN     4.10 27.22             NaN
 6320.0      NaN   NaN     4.25 27.01             NaN
 6325.0      NaN   NaN     4.30 26.88             NaN
 6330.0      NaN   NaN     4.40 26.80             NaN
 6340.0      NaN   NaN     4.55 26.57             NaN
 6350.0  597.550 26.34     4.70 26.34           -0.01
 6360.0      NaN   NaN     4.90 26.16             NaN
 6370.0      NaN   NaN     5.15 26.01             NaN
 6375.0      NaN   NaN     5.10 25.77             NaN
 6380.0      NaN   NaN     5.35 25.81             NaN
 6390.0      NaN   NaN     5.55 25.59             NaN
 6400.0  548.450 25.14     5.60 25.24           -0.11
 6410.0      NaN   NaN     5.95 25.14             NaN
 6420.0  529.350 25.05     6.15 24.91            0.14
 6425.0      NaN   NaN     6.20 24.75             NaN
 6430.0      NaN   NaN     6.40 24.71             NaN
 6440.0  509.600 24.40     6.65 24.49           -0.09
 6450.0  500.450 24.60     6.85 24.24            0.37
 6460.0      NaN   NaN     7.20 24.08             NaN
 6470.0      NaN   NaN     7.50 23.87             NaN
 6475.0      NaN   NaN     7.60 23.73             NaN
 6480.0      NaN   NaN     7.80 23.66             NaN
 6490.0      NaN   NaN     8.10 23.44             NaN
 6500.0  451.600 23.20     8.45 23.24           -0.04
 6510.0      NaN   NaN     8.80 23.02             NaN
 6520.0  432.200 22.68     9.20 22.83           -0.15
 6525.0  427.550 22.66     9.40 22.73           -0.07
 6530.0  422.950 22.66     9.65 22.65            0.01
 6540.0      NaN   NaN    10.10 22.46             NaN
 6550.0  403.550 22.09    10.50 22.24           -0.15
 6560.0  394.350 22.05    11.00 22.05           -0.00
 6570.0  384.950 21.88    11.50 21.85            0.04
 6575.0  380.150 21.75    11.80 21.76           -0.02
 6580.0  375.550 21.70    12.10 21.68            0.02
 6590.0  366.050 21.47    12.70 21.50           -0.03
 6600.0  356.850 21.35    13.30 21.30            0.05
 6610.0  347.400 21.11    13.90 21.09            0.01
 6620.0  338.000 20.87    14.65 20.93           -0.06
 6625.0  333.050 20.65    15.00 20.83           -0.18
 6630.0  328.950 20.77    15.30 20.71            0.05
 6640.0  319.450 20.47    16.05 20.52           -0.05
 6645.0      NaN   NaN    16.50 20.45             NaN
 6650.0  310.500 20.36    16.90 20.35            0.01
 6655.0      NaN   NaN    17.35 20.27             NaN
 6660.0  301.250 20.13    17.75 20.16           -0.03
 6665.0      NaN   NaN    18.20 20.07             NaN
 6670.0  292.100 19.92    18.70 19.99           -0.07
 6675.0  287.650 19.85    19.15 19.89           -0.04
 6680.0  283.200 19.78    19.65 19.81           -0.03
 6685.0  278.750 19.70    20.10 19.70            0.00
 6690.0  274.150 19.57    20.65 19.62           -0.05
 6695.0      NaN   NaN    21.15 19.52             NaN
 6700.0  265.300 19.40    21.70 19.43           -0.03
 6705.0  261.050 19.36    22.25 19.33            0.03
 6710.0  256.600 19.26    22.85 19.25            0.01
 6715.0      NaN   NaN    23.45 19.16             NaN
 6720.0  247.850 19.09    24.05 19.07            0.02
 6725.0  243.050 18.87    24.65 18.97           -0.10
 6730.0  239.150 18.91    25.30 18.88            0.03
 6735.0      NaN   NaN    25.95 18.78             NaN
 6740.0  230.250 18.65    26.65 18.70           -0.05
 6745.0      NaN   NaN    27.35 18.61             NaN
 6750.0  221.650 18.46    28.05 18.51           -0.05
 6755.0      NaN   NaN    28.75 18.41             NaN
 6760.0  213.350 18.32    29.45 18.30            0.02
 6765.0  209.100 18.22    30.25 18.22            0.00
 6770.0  204.850 18.12    31.05 18.13           -0.01
 6775.0  200.500 17.98    31.85 18.03           -0.05
 6780.0  196.500 17.92    32.65 17.93           -0.00
 6785.0  192.400 17.84    33.50 17.83            0.00
 6790.0  188.250 17.73    34.35 17.73            0.00
 6795.0  184.150 17.64    35.25 17.64           -0.00
 6800.0  179.900 17.50    36.15 17.54           -0.04
 6805.0  175.850 17.40    37.10 17.44           -0.04
 6810.0  171.850 17.31    38.05 17.34           -0.03
 6815.0  167.750 17.19    39.05 17.24           -0.06
 6820.0  164.050 17.15    40.05 17.14            0.01
 6825.0  160.150 17.06    41.10 17.04            0.02
 6830.0  156.150 16.94    42.05 16.92            0.03
 6835.0  152.250 16.84    43.15 16.82            0.02
 6840.0  148.450 16.75    44.30 16.72            0.03
 6845.0  144.700 16.67    45.50 16.63            0.04
 6850.0  140.700 16.53    46.55 16.50            0.02
 6855.0  136.900 16.42    47.75 16.40            0.02
 6860.0  133.100 16.31    49.00 16.30            0.01
 6865.0  129.400 16.21    50.25 16.19            0.02
 6870.0  125.700 16.10    51.60 16.09            0.00
 6875.0  122.000 15.98    52.85 15.97            0.01
 6880.0  118.400 15.88    54.20 15.86            0.02
 6885.0  114.800 15.77    55.60 15.75            0.02
 6890.0  111.200 15.65    57.00 15.64            0.01
 6895.0  107.700 15.54    58.40 15.51            0.03
 6900.0  104.200 15.43    60.00 15.42            0.01
 6905.0  100.700 15.31    61.50 15.30            0.01
 6910.0   97.300 15.20    63.10 15.19            0.00
 6915.0   94.000 15.10    64.70 15.07            0.02
 6920.0   90.650 14.98    66.40 14.97            0.01
 6925.0   87.400 14.87    68.10 14.85            0.02
 6930.0   84.150 14.75    69.90 14.75            0.01
 6935.0   81.000 14.64    71.70 14.63            0.01
 6940.0   77.800 14.51    73.60 14.52           -0.01
 6945.0   74.750 14.41    75.50 14.41           -0.00
 6950.0   71.700 14.29    77.40 14.28            0.01
 6955.0   68.750 14.18    79.45 14.18            0.00
 6960.0   65.800 14.06    81.50 14.06            0.00
 6965.0   63.000 13.96    83.65 13.95            0.01
 6970.0   60.150 13.83    85.80 13.83            0.01
 6975.0   57.400 13.72    88.10 13.73           -0.01
 6980.0   54.700 13.60    90.40 13.61           -0.01
 6985.0   52.100 13.49    92.70 13.49            0.01
 6990.0   49.500 13.37    95.05 13.36            0.02
 6995.0   47.000 13.26    97.55 13.25            0.01
 7000.0   44.600 13.15   100.20 13.15            0.00
 7005.0   42.150 13.03   102.80 13.04           -0.01
 7010.0   39.900 12.92   105.45 12.92            0.01
 7015.0   37.700 12.82   108.30 12.82           -0.00
 7020.0   35.550 12.71   111.00 12.68            0.02
 7025.0   33.400 12.59   113.90 12.57            0.01
 7030.0   31.450 12.49   116.95 12.48            0.01
 7035.0   29.400 12.36   120.55 12.50           -0.14
 7040.0   27.550 12.26   123.55 12.37           -0.11
 7045.0   25.750 12.15   126.80 12.27           -0.13
 7050.0   24.050 12.05   129.85 12.12           -0.07
 7055.0   22.350 11.93   133.40 12.07           -0.14
 7060.0   20.750 11.82   137.00 12.02           -0.19
 7065.0   19.250 11.72   140.40 11.90           -0.18
 7070.0   17.850 11.63   143.85 11.77           -0.15
 7075.0   16.550 11.54   147.30 11.63           -0.09
 7080.0   15.250 11.44      NaN   NaN             NaN
 7085.0   14.050 11.35      NaN   NaN             NaN
 7090.0   12.900 11.25      NaN   NaN             NaN
 7095.0   11.850 11.17      NaN   NaN             NaN
 7100.0   10.850 11.08      NaN   NaN             NaN
 7105.0    9.900 10.99      NaN   NaN             NaN
 7110.0    9.100 10.93      NaN   NaN             NaN
 7115.0    8.250 10.84      NaN   NaN             NaN
 7120.0    7.450 10.74      NaN   NaN             NaN
 7125.0    6.800 10.69      NaN   NaN             NaN
 7130.0    6.100 10.59      NaN   NaN             NaN
 7140.0    5.000 10.47      NaN   NaN             NaN
 7150.0    4.050 10.34      NaN   NaN             NaN
 7160.0    3.250 10.22      NaN   NaN             NaN
 7170.0    2.575 10.09      NaN   NaN             NaN
 7175.0    2.375 10.11      NaN   NaN             NaN
 7180.0    2.050 10.00      NaN   NaN             NaN
 7190.0    1.650  9.95      NaN   NaN             NaN
 7200.0    1.350  9.93      NaN   NaN             NaN
 7210.0    1.050  9.85      NaN   NaN             NaN
 7220.0    0.875  9.88      NaN   NaN             NaN
 7225.0    0.800  9.89      NaN   NaN             NaN
 7230.0    0.725  9.90      NaN   NaN             NaN
 7240.0    0.575  9.87      NaN   NaN             NaN
 7250.0    0.475  9.90      NaN   NaN             NaN
 7260.0    0.400  9.96      NaN   NaN             NaN
 7270.0    0.325  9.97      NaN   NaN             NaN
 7275.0    0.300 10.01      NaN   NaN             NaN
 7280.0    0.275 10.04      NaN   NaN             NaN
 7290.0    0.225 10.07      NaN   NaN             NaN
 7300.0    0.225 10.32      NaN   NaN             NaN
 7320.0    0.175 10.53      NaN   NaN             NaN
 7325.0    0.175 10.65      NaN   NaN             NaN
 7330.0    0.150 10.61      NaN   NaN             NaN
 7350.0    0.150 11.08      NaN   NaN             NaN
 7375.0    0.150 11.68      NaN   NaN             NaN
 7400.0    0.150 12.26      NaN   NaN             NaN
 7425.0    0.125 12.62      NaN   NaN             NaN
 7450.0    0.125 13.19      NaN   NaN             NaN
 7475.0    0.125 13.76      NaN   NaN             NaN
 7500.0    0.125 14.32      NaN   NaN             NaN
 7525.0    0.125 14.88      NaN   NaN             NaN
 7550.0    0.125 15.43      NaN   NaN             NaN
 7600.0    0.100 16.20      NaN   NaN             NaN

expiry: 2026-02-20  forward: 6946.92  df: 0.9974
 strike  c_price  c_iv  p_price  p_iv c_iv_minus_p_iv
 6255.0  697.100 26.05     7.10 26.15           -0.10
 6260.0  692.100 25.88     7.75 26.44           -0.56
 6265.0  685.950 24.84     7.20 25.90           -1.05
 6270.0  682.350 25.71     7.35 25.84           -0.13
 6275.0      NaN   NaN     7.40 25.71             NaN
 6280.0  672.700 25.60     7.50 25.61           -0.00
 6285.0      NaN   NaN     8.20 25.90             NaN
 6290.0  663.350 25.68     7.75 25.45            0.24
 6295.0  657.950 25.25     7.80 25.31           -0.06
 6300.0  653.650 25.52     7.95 25.24            0.28
 6305.0  647.800 24.81     8.10 25.17           -0.37
 6310.0  643.600 25.14     8.80 25.43           -0.29
 6315.0  638.450 24.87     8.90 25.33           -0.45
 6320.0  633.900 24.97     9.00 25.22           -0.24
 6325.0  629.450 25.12     9.15 25.13           -0.01
 6330.0      NaN   NaN     9.30 25.05             NaN
 6335.0  619.600 24.85     9.40 24.94           -0.08
 6340.0  614.200 24.45     8.90 24.48           -0.04
 6345.0  609.150 24.24     9.10 24.43           -0.19
 6350.0  605.100 24.60     9.85 24.67           -0.07
 6355.0  599.300 23.98    10.00 24.58           -0.61
 6360.0  594.650 24.00    10.15 24.49           -0.49
 6365.0  590.300 24.17     9.60 24.02            0.15
 6370.0  585.750 24.23    10.45 24.30           -0.07
 6375.0  580.150 23.74    10.60 24.21           -0.47
 6380.0  575.250 23.61    10.80 24.13           -0.52
 6385.0      NaN   NaN    10.20 23.65             NaN
 6390.0  565.650 23.46    10.40 23.58           -0.12
 6395.0      NaN   NaN    10.55 23.48             NaN
 6400.0  556.850 23.70    10.75 23.41            0.29
 6405.0      NaN   NaN    10.90 23.31             NaN
 6410.0  564.450 29.89    11.90 23.61            6.29
 6415.0  559.650 29.75    11.25 23.13            6.62
 6420.0  556.100 29.98    11.40 23.02            6.96
 6425.0      NaN   NaN    12.40 23.30             NaN
 6430.0      NaN   NaN    11.80 22.85             NaN
 6435.0  521.550 22.28    12.85 23.14           -0.86
 6440.0  518.500 22.98    12.20 22.68            0.30
 6445.0  512.750 22.46    13.30 22.97           -0.51
 6450.0  507.950 22.37    12.50 22.45           -0.08
 6455.0  503.150 22.27    12.85 22.42           -0.15
 6460.0      NaN   NaN    13.05 22.32             NaN
 6465.0  494.350 22.40    14.15 22.60           -0.20
 6470.0  489.700 22.35    14.40 22.51           -0.16
 6475.0  484.150 21.94    13.75 22.07           -0.13
 6480.0  479.350 21.84    14.90 22.34           -0.50
 6485.0      NaN   NaN    15.15 22.25             NaN
 6490.0  471.250 22.20    15.40 22.16            0.04
 6495.0      NaN   NaN    14.70 21.70             NaN
 6500.0  460.500 21.53    15.90 21.97           -0.44
 6505.0  455.800 21.45    15.20 21.52           -0.07
 6510.0  451.900 21.66    15.50 21.44            0.22
 6515.0      NaN   NaN    16.80 21.72             NaN
 6520.0      NaN   NaN    17.05 21.62             NaN
 6525.0  459.600 27.74    16.30 21.17            6.57
 6530.0  454.750 27.55    16.60 21.08            6.47
 6535.0  450.550 27.52    18.00 21.37            6.16
 6540.0  422.900 20.85    18.35 21.29           -0.45
 6545.0      NaN   NaN    17.55 20.83             NaN
 6550.0  413.450 20.64    17.85 20.74           -0.10
 6555.0  410.000 20.95    19.35 21.03           -0.08
 6560.0  405.500 20.90    19.70 20.94           -0.04
 6565.0  399.600 20.41    20.10 20.87           -0.45
 6570.0  396.050 20.67    19.25 20.40            0.26
 6575.0  391.750 20.68    20.75 20.67            0.01
 6580.0  385.750 20.17    21.20 20.60           -0.43
 6585.0  381.150 20.09    21.60 20.52           -0.43
 6590.0  376.550 20.00    20.70 20.05           -0.05
 6595.0  375.150 20.84    22.40 20.34            0.49
 6600.0  368.700 20.22    22.85 20.27           -0.05
 6605.0  362.700 19.72    23.25 20.17           -0.45
 6610.0  358.200 19.66    23.75 20.11           -0.45
 6615.0  355.200 20.00    22.80 19.63            0.37
 6620.0  350.350 19.83    23.30 19.56            0.27
 6625.0  344.600 19.41    25.10 19.84           -0.43
 6630.0  340.000 19.31    25.55 19.75           -0.44
 6635.0  336.600 19.52    24.65 19.30            0.22
 6640.0  332.600 19.56    25.15 19.22            0.34
 6645.0  326.550 19.07    27.10 19.51           -0.43
 6650.0  322.000 18.97    27.65 19.43           -0.46
 6655.0  317.600 18.90    26.65 18.96           -0.06
 6660.0  313.150 18.82    27.15 18.87           -0.05
 6665.0  310.100 19.08    29.30 19.18           -0.10
 6670.0  304.200 18.64    29.85 19.09           -0.45
 6675.0  299.850 18.57    30.45 19.00           -0.43
 6680.0  295.450 18.49    29.40 18.53           -0.04
 6685.0  292.400 18.72    30.00 18.45            0.27
 6690.0  286.650 18.32    32.30 18.75           -0.44
 6695.0  282.250 18.22    31.20 18.27           -0.05
 6700.0  279.750 18.56    33.60 18.59           -0.03
 6705.0  275.350 18.45    32.50 18.11            0.34
 6710.0  271.000 18.36    33.20 18.03            0.33
 6715.0  266.850 18.31    35.55 18.31           -0.00
 6720.0  262.600 18.23    34.55 17.86            0.37
 6725.0  258.150 18.10    37.10 18.16           -0.06
 6730.0  253.800 17.99    35.95 17.68            0.31
 6735.0  249.800 17.96    38.60 17.99           -0.04
 6740.0  245.300 17.81    37.45 17.51            0.30
 6745.0  239.300 17.36    40.10 17.81           -0.45
 6750.0  237.150 17.69    40.95 17.73           -0.04
 6755.0  233.050 17.61    41.80 17.65           -0.03
 6760.0  228.800 17.50    42.65 17.56           -0.06
 6765.0  222.600 17.01    43.50 17.47           -0.46
 6770.0  218.550 16.94    44.30 17.37           -0.43
 6775.0  216.700 17.29    45.25 17.29           -0.00
 6780.0  212.400 17.16    46.20 17.21           -0.05
 6785.0  206.250 16.68    47.10 17.12           -0.44
 6790.0  202.250 16.60    48.00 17.02           -0.42
 6795.0  198.100 16.49    46.90 16.55           -0.06
 6800.0  196.500 16.84    47.90 16.46            0.37
 6805.0  192.450 16.73    48.90 16.37            0.36
 6810.0  186.200 16.23    52.00 16.66           -0.42
 6815.0  184.750 16.58    50.95 16.19            0.39
 6820.0  178.350 16.06    52.05 16.11           -0.05
 6825.0  176.950 16.40    53.15 16.02            0.38
 6830.0  170.550 15.87    54.25 15.93           -0.05
 6835.0  169.250 16.22    57.55 16.21            0.01
 6840.0  165.400 16.12    56.55 15.74            0.38
 6845.0  161.650 16.03    57.75 15.65            0.38
 6850.0  157.750 15.92    58.95 15.56            0.36
 6855.0  151.600 15.42    60.15 15.46           -0.04
 6860.0  150.250 15.72    63.65 15.74           -0.02
 6865.0  146.700 15.65    64.95 15.64            0.01
 6870.0  142.950 15.54    64.05 15.18            0.36
 6875.0  136.900 15.05    67.65 15.45           -0.40
 6880.0  133.300 14.96    66.80 14.99           -0.04
 6885.0  132.150 15.25    70.45 15.26           -0.01
 6890.0  128.600 15.15    69.60 14.80            0.36
 6895.0  122.650 14.67    73.35 15.06           -0.39
 6900.0  121.650 14.96    74.90 14.97           -0.01
 6905.0  115.750 14.48    74.20 14.52           -0.04
 6910.0  112.350 14.38    75.75 14.42           -0.03
 6915.0  111.450 14.67    77.40 14.33            0.35
 6920.0  108.050 14.56    81.35 14.59           -0.02
 6925.0  102.400 14.10    80.70 14.12           -0.02
 6930.0   99.100 13.99    82.50 14.04           -0.04
 6935.0   98.350 14.28    84.25 13.94            0.34
 6940.0   95.150 14.18    88.35 14.19           -0.02
 6945.0   89.600 13.71    87.90 13.74           -0.03
 6950.0   86.450 13.60    89.80 13.64           -0.04
 6955.0   85.950 13.89    91.80 13.55            0.34
 6960.0   82.950 13.80    93.80 13.46            0.34
 6965.0   79.950 13.69    98.10 13.71           -0.02
 6970.0   74.600 13.21   100.20 13.61           -0.40
 6975.0   74.250 13.51   100.05 13.16            0.34
 6980.0   71.400 13.40   102.25 13.07            0.34
 6985.0   68.650 13.31   106.75 13.33           -0.02
 6990.0   65.950 13.21   109.05 13.23           -0.02
 6995.0   63.350 13.13   109.10 12.78            0.35
 7000.0   60.750 13.03   111.50 12.68            0.35
 7005.0   58.100 12.92   116.25 12.95           -0.03
 7010.0   53.250 12.44   116.50 12.50           -0.05
 7015.0   50.850 12.35   121.35 12.77           -0.42
 7020.0   50.950 12.66   121.75 12.32            0.34
 7025.0   48.650 12.57   124.45 12.22            0.34
 7030.0   46.400 12.48   127.15 12.12            0.35
 7035.0   41.850 11.99   130.15 12.06           -0.08
 7040.0   42.100 12.30   135.05 12.32           -0.02
 7045.0   39.950 12.20   137.85 12.21           -0.01
 7050.0   37.950 12.11   140.85 12.13           -0.01
 7055.0   33.850 11.64   144.50 12.15           -0.51
 7060.0   32.000 11.55   147.80 12.10           -0.55
 7065.0   30.250 11.48   148.40 11.54           -0.07
 7070.0   30.700 11.80   151.55 11.44            0.36
 7075.0   26.800 11.29   157.60 11.88           -0.59
 7080.0   25.250 11.22   160.75 11.76           -0.54
 7085.0   23.750 11.15   161.85 11.22           -0.08
 7090.0   24.300 11.48   167.90 11.66           -0.18
 7095.0   20.850 10.98   171.45 11.59           -0.61
 7100.0   19.550 10.91   174.80 11.47           -0.55
 7105.0   20.150 11.26   178.50 11.41           -0.15
 7110.0   17.100 10.78      NaN   NaN             NaN
 7115.0   17.700 11.12      NaN   NaN             NaN
 7120.0   14.850 10.63      NaN   NaN             NaN
 7125.0   13.750 10.55      NaN   NaN             NaN
 7130.0   14.450 10.92      NaN   NaN             NaN
 7135.0   13.450 10.85      NaN   NaN             NaN
 7140.0   12.600 10.81      NaN   NaN             NaN
 7145.0   10.200 10.31      NaN   NaN             NaN
 7150.0   10.850 10.68      NaN   NaN             NaN
 7155.0   10.100 10.63      NaN   NaN             NaN
 7160.0    9.350 10.57      NaN   NaN             NaN
 7165.0    7.600 10.15      NaN   NaN             NaN
 7170.0    7.000 10.10      NaN   NaN             NaN
 7175.0    6.400 10.04      NaN   NaN             NaN
 7180.0    6.900 10.39      NaN   NaN             NaN
 7185.0    5.450  9.96      NaN   NaN             NaN
 7190.0    5.000  9.92      NaN   NaN             NaN
 7195.0    4.650  9.91      NaN   NaN             NaN
 7200.0    4.250  9.86      NaN   NaN             NaN
 7205.0    4.650 10.21      NaN   NaN             NaN
 7210.0    4.250 10.16      NaN   NaN             NaN
 7215.0    3.275  9.77      NaN   NaN             NaN
 7220.0    3.000  9.74      NaN   NaN             NaN
 7225.0    3.400 10.12      NaN   NaN             NaN
 7230.0    3.125 10.10      NaN   NaN             NaN
 7235.0    2.325  9.68      NaN   NaN             NaN
 7240.0    2.125  9.66      NaN   NaN             NaN
 7245.0    2.450 10.04      NaN   NaN             NaN
 7250.0    2.300 10.06      NaN   NaN             NaN
 7255.0    2.075 10.01      NaN   NaN             NaN
 7260.0    1.550  9.66      NaN   NaN             NaN
 7265.0    1.800 10.03      NaN   NaN             NaN
 7270.0    1.350  9.69   418.35 33.38          -23.68
 7275.0    1.200  9.64      NaN   NaN             NaN
 7280.0    1.425 10.02      NaN   NaN             NaN
 7285.0    1.075  9.72      NaN   NaN             NaN
 7290.0    1.275 10.09      NaN   NaN             NaN
 7295.0    1.150 10.06      NaN   NaN             NaN
 7300.0    1.075 10.08      NaN   NaN             NaN
 7305.0    0.800  9.77      NaN   NaN             NaN
 7310.0    0.750  9.80      NaN   NaN             NaN
 7315.0    0.700  9.82      NaN   NaN             NaN
 7320.0    0.825 10.16   459.40 34.09          -23.93
 7325.0    0.600  9.85      NaN   NaN             NaN
 7330.0    0.575  9.90      NaN   NaN             NaN
 7340.0    0.650 10.28      NaN   NaN             NaN
 7350.0    0.450 10.03      NaN   NaN             NaN
 7360.0    0.500 10.37      NaN   NaN             NaN
 7370.0    0.375 10.23      NaN   NaN             NaN
 7375.0    0.375 10.33      NaN   NaN             NaN
 7380.0    0.325 10.26      NaN   NaN             NaN
 7390.0    0.325 10.47      NaN   NaN             NaN
 7400.0    0.275 10.47      NaN   NaN             NaN
 7410.0    0.275 10.67      NaN   NaN             NaN
 7420.0    0.275 10.87      NaN   NaN             NaN
 7425.0    0.275 10.97      NaN   NaN             NaN
 7430.0    0.275 11.07      NaN   NaN             NaN
 7440.0    0.225 11.03      NaN   NaN             NaN
 7450.0    0.225 11.22      NaN   NaN             NaN
 7460.0    0.225 11.41      NaN   NaN             NaN
 7470.0    0.175 11.31      NaN   NaN             NaN
 7475.0    0.175 11.40      NaN   NaN             NaN
 7480.0    0.175 11.50      NaN   NaN             NaN
 7490.0    0.175 11.68      NaN   NaN             NaN
 7525.0      NaN   NaN   644.00 38.64             NaN
 7530.0    0.150 12.24      NaN   NaN             NaN

ATM vol summary:
    expiry forward     df  atm_strike  c_iv  p_iv c_iv_minus_p_iv
2026-02-06 6940.52 0.9987        6940 15.50 15.49            0.01
2026-02-13 6944.26 0.9976        6945 14.41 14.41           -0.00
2026-02-20 6946.92 0.9974        6945 13.71 13.74           -0.03
